Controller_Schedule->Details_Espresso_for_100.txt; size: 101
[251, 221, 230, 215, 189, 203, 206, 219, 220, 220, 219, 216, 207, 219, 201, 213, 205, 202, 215, 217, 208, 216, 220, 201, 197, 247, 210, 193, 206, 221, 207, 235, 220, 205, 235, 208, 196, 239, 207, 223, 232, 230, 209, 242, 218, 236, 214, 210, 213, 253, 221, 241, 231, 207, 228, 221, 211, 257, 216, 223, 228, 225, 221, 205, 225, 227, 231, 221, 204, 239, 216, 230, 231, 210, 260, 215, 252, 220, 224, 222, 232, 235, 244, 235, 242, 246, 232, 254, 211, 253, 225, 261, 230, 250, 225, 266, 231, 252, 227, 249, 219]

Controller_Activity->Feed_Espresso_repeat_100.txt; size: 101
[262, 61, 69, 61, 58, 60, 68, 58, 62, 64, 61, 65, 69, 58, 59, 53, 55, 68, 62, 64, 58, 58, 58, 69, 70, 73, 76, 64, 64, 70, 58, 64, 60, 57, 58, 67, 63, 56, 56, 61, 70, 58, 92, 62, 54, 65, 63, 56, 59, 68, 62, 102, 56, 55, 64, 57, 62, 66, 55, 57, 58, 65, 63, 58, 59, 59, 57, 56, 69, 56, 57, 62, 66, 54, 68, 62, 55, 70, 54, 61, 58, 61, 57, 64, 65, 71, 65, 57, 58, 70, 58, 67, 72, 57, 56, 60, 62, 67, 58, 66, 55]

Fragment_Feed->Schedule_Espresso_for_100.txt; size: 101
[226, 221, 195, 280, 258, 343, 210, 294, 159, 214, 216, 214, 215, 212, 214, 299, 223, 234, 138, 161, 160, 170, 170, 228, 209, 153, 204, 228, 221, 213, 174, 215, 276, 295, 223, 222, 253, 289, 209, 163, 210, 263, 174, 208, 173, 227, 226, 295, 160, 224, 289, 294, 230, 156, 310, 178, 303, 163, 297, 220, 230, 232, 288, 310, 294, 286, 301, 217, 284, 225, 300, 228, 213, 307, 225, 229, 152, 229, 184, 305, 227, 176, 301, 223, 317, 230, 160, 309, 209, 178, 310, 216, 181, 228, 229, 222, 233, 228, 244, 298, 181]

Fragment_Activity->Feed_Espresso_repeat_100.txt; size: 101
[174, 46, 53, 50, 48, 56, 52, 44, 48, 46, 47, 45, 53, 45, 47, 53, 44, 55, 45, 44, 42, 61, 46, 57, 53, 59, 52, 54, 50, 54, 47, 56, 52, 45, 49, 54, 44, 46, 46, 51, 52, 45, 55, 48, 48, 44, 60, 53, 52, 48, 44, 46, 47, 54, 47, 70, 44, 43, 51, 60, 46, 44, 50, 57, 44, 44, 44, 56, 50, 54, 44, 44, 47, 54, 44, 43, 52, 47, 54, 49, 50, 48, 45, 46, 44, 46, 46, 45, 52, 45, 49, 52, 44, 47, 52, 53, 45, 48, 55, 50, 44]

Fragment_Schedule->Details_Espresso_for_100.txt; size: 102
[519, 520, 562, 513, 569, 553, 513, 505, 508, 508, 506, 553, 607, 508, 515, 519, 519, 520, 520, 507, 562, 518, 516, 517, 517, 516, 522, 518, 506, 520, 559, 516, 552, 508, 523, 517, 507, 517, 520, 519, 553, 521, 510, 561, 509, 514, 514, 523, 510, 522, 517, 512, 512, 518, 515, 518, 509, 517, 524, 522, 514, 523, 523, 523, 524, 524, 512, 523, 524, 523, 523, 533, 520, 515, 513, 560, 511, 519, 518, 525, 510, 525, 523, 528, 512, 522, 519, 521, 525, 525, 564, 522, 521, 526, 521, 525, 520, 525, 517, 524, 520, 568]

Controller_Feed->Schedule_Espresso_for_100.txt; size: 102
[250, 252, 191, 293, 212, 201, 205, 205, 228, 199, 320, 209, 213, 205, 204, 207, 204, 201, 215, 220, 220, 213, 214, 206, 217, 203, 205, 291, 242, 218, 203, 313, 210, 210, 282, 203, 220, 230, 216, 216, 294, 223, 311, 216, 211, 288, 288, 307, 277, 218, 223, 286, 310, 288, 208, 289, 284, 282, 274, 341, 218, 218, 197, 225, 280, 237, 220, 245, 289, 296, 196, 294, 339, 287, 281, 224, 297, 223, 220, 277, 300, 221, 220, 223, 299, 232, 298, 279, 290, 231, 223, 230, 219, 234, 223, 317, 221, 322, 226, 221, 284, 315]

Controller_Feed->Info_Espresso_for_100.txt; size: 101
[458, 328, 370, 429, 394, 323, 485, 337, 513, 330, 373, 330, 344, 330, 396, 461, 327, 463, 448, 379, 334, 388, 368, 389, 338, 488, 355, 337, 471, 348, 343, 372, 343, 386, 436, 393, 371, 344, 487, 363, 357, 459, 372, 333, 499, 340, 363, 355, 366, 358, 361, 335, 390, 445, 365, 356, 477, 455, 504, 408, 355, 370, 350, 449, 364, 375, 355, 379, 440, 357, 366, 371, 456, 374, 356, 405, 492, 367, 359, 372, 352, 381, 460, 485, 472, 488, 359, 468, 461, 478, 357, 368, 360, 587, 449, 374, 477, 440, 499, 379, 445]

Fragment_Feed->Info_Espresso_for_100.txt; size: 101
[470, 398, 364, 493, 382, 343, 406, 388, 422, 489, 375, 393, 417, 388, 381, 511, 382, 391, 473, 449, 477, 393, 347, 505, 336, 478, 402, 497, 337, 382, 345, 410, 411, 521, 346, 392, 530, 521, 350, 481, 375, 408, 507, 514, 372, 556, 352, 430, 414, 400, 532, 531, 366, 376, 441, 414, 435, 491, 539, 365, 497, 546, 502, 459, 428, 536, 529, 493, 456, 524, 517, 550, 403, 436, 419, 508, 415, 442, 416, 576, 415, 463, 515, 492, 514, 368, 513, 438, 509, 449, 527, 451, 518, 553, 538, 437, 526, 454, 521, 455, 368]

