Fragment_Schedule->Details_UiAutomator_for_100.txt; size: 100
[521, 574, 510, 526, 525, 571, 534, 550, 569, 580, 531, 522, 527, 525, 572, 523, 534, 525, 572, 559, 533, 563, 522, 522, 524, 520, 523, 524, 521, 575, 522, 531, 522, 525, 530, 528, 538, 524, 557, 518, 527, 581, 583, 514, 579, 523, 526, 581, 533, 531, 580, 539, 565, 573, 527, 523, 565, 535, 555, 524, 530, 538, 576, 558, 571, 573, 577, 555, 578, 563, 527, 573, 577, 522, 568, 535, 530, 584, 591, 575, 587, 540, 568, 585, 570, 525, 542, 582, 569, 538, 529, 523, 574, 527, 564, 600, 583, 581, 603, 603]

Fragment_Feed->Info_UiAutomator_for_100.txt; size: 101
[567, 469, 508, 493, 458, 527, 488, 501, 509, 485, 476, 593, 494, 508, 464, 597, 495, 473, 486, 476, 512, 473, 474, 482, 472, 509, 467, 537, 527, 464, 487, 486, 486, 520, 496, 481, 512, 498, 472, 497, 477, 485, 528, 488, 539, 500, 482, 487, 519, 460, 473, 535, 507, 515, 487, 523, 509, 478, 529, 485, 488, 505, 494, 534, 491, 506, 514, 494, 488, 470, 540, 477, 539, 486, 489, 427, 510, 528, 543, 386, 522, 512, 510, 533, 527, 590, 494, 520, 499, 489, 530, 496, 672, 550, 500, 569, 542, 477, 479, 394, 522]

Controller_Feed->Info_UiAutomator_for_100(after reboot system).txt; size: 98
[497, 344, 340, 435, 414, 450, 442, 416, 385, 407, 474, 443, 420, 380, 422, 384, 461, 392, 420, 395, 443, 413, 310, 439, 397, 438, 388, 399, 411, 445, 393, 416, 409, 422, 409, 419, 404, 439, 417, 404, 418, 389, 424, 434, 419, 404, 397, 427, 400, 417, 400, 416, 392, 413, 397, 412, 410, 474, 397, 402, 415, 411, 409, 420, 406, 404, 394, 422, 424, 476, 428, 434, 411, 403, 399, 415, 398, 437, 398, 494, 442, 407, 411, 425, 401, 433, 415, 434, 400, 413, 327, 443, 409, 408, 430, 439, 394, 407]

Controller_Feed->Info_UiAutomator_for_100.txt; size: 101
[529, 397, 416, 413, 405, 370, 440, 398, 382, 454, 389, 433, 357, 384, 455, 437, 392, 392, 419, 451, 397, 289, 475, 380, 320, 395, 413, 395, 421, 389, 404, 396, 411, 438, 396, 407, 458, 402, 433, 393, 413, 412, 414, 393, 417, 421, 411, 394, 429, 399, 410, 437, 424, 402, 401, 408, 432, 397, 403, 391, 418, 436, 416, 416, 433, 409, 468, 407, 419, 434, 399, 420, 323, 388, 399, 423, 394, 406, 427, 437, 412, 409, 440, 403, 405, 442, 422, 431, 409, 425, 432, 402, 448, 409, 418, 426, 440, 430, 440, 422, 452]

Controller_Feed->Schedule_UiAutomator_for_100.txt; size: 101
[273, 269, 391, 253, 232, 247, 238, 265, 240, 265, 235, 246, 255, 237, 290, 256, 235, 254, 241, 266, 244, 260, 239, 274, 250, 245, 254, 263, 265, 243, 291, 249, 251, 261, 244, 261, 246, 278, 260, 256, 255, 254, 256, 257, 267, 262, 276, 250, 255, 250, 268, 263, 247, 256, 254, 273, 244, 252, 259, 258, 263, 259, 284, 258, 287, 249, 287, 251, 280, 300, 295, 251, 261, 268, 275, 250, 255, 271, 280, 266, 291, 260, 302, 265, 260, 269, 273, 276, 254, 272, 301, 242, 276, 263, 277, 274, 280, 272, 279, 263, 270]

Controller_Schedule->Details_UiAutomator_for_100.txt; size: 101
[275, 265, 247, 235, 258, 247, 258, 256, 237, 261, 242, 272, 250, 238, 256, 245, 274, 237, 240, 252, 276, 251, 237, 261, 273, 255, 244, 271, 241, 244, 277, 268, 250, 271, 253, 255, 297, 259, 251, 282, 255, 258, 290, 271, 261, 301, 273, 270, 282, 275, 263, 297, 277, 258, 299, 267, 261, 314, 276, 252, 294, 279, 269, 302, 261, 204, 301, 267, 201, 299, 271, 221, 302, 270, 209, 307, 272, 229, 302, 282, 254, 284, 291, 248, 297, 287, 266, 293, 285, 244, 281, 270, 247, 282, 221, 314, 271, 240, 286, 249, 295]

Controller_Activity->Feed_UiAutomator_repeat_100.txt; size: 101
[190, 68, 67, 68, 79, 82, 74, 67, 74, 75, 76, 69, 67, 75, 67, 73, 65, 72, 75, 66, 79, 75, 67, 78, 65, 72, 67, 73, 75, 78, 74, 79, 66, 66, 71, 78, 74, 71, 66, 67, 66, 67, 69, 72, 67, 66, 68, 70, 79, 78, 74, 82, 75, 65, 67, 74, 74, 97, 79, 76, 70, 66, 68, 68, 70, 68, 73, 71, 67, 74, 83, 77, 66, 81, 78, 74, 83, 69, 73, 74, 68, 66, 70, 75, 74, 75, 78, 76, 78, 67, 66, 71, 68, 82, 74, 73, 83, 77, 66, 68, 79]

Fragment_Activity->Feed_UiAutomator_repeat_100(Firebase traces).txt; size: 60
[4974, 61, 1189, 4949, 54, 1215, 4946, 54, 1166, 4957, 52, 1172, 4943, 53, 1187, 4941, 53, 1190, 4943, 53, 1183, 4948, 53, 1181, 4947, 53, 1200, 4946, 53, 1165, 4970, 61, 1211, 4948, 54, 1198, 4942, 62, 1172, 4954, 53, 1189, 4946, 53, 1165, 4966, 53, 1180, 4968, 57, 1213, 4934, 53, 1178, 4947, 53, 1182, 4945, 56, 1166]

Fragment_Activity->Feed_UiAutomator_repeat_100.txt; size: 101
[144, 59, 61, 80, 53, 56, 54, 62, 53, 56, 59, 52, 53, 52, 53, 52, 60, 61, 75, 54, 57, 83, 52, 66, 53, 53, 52, 52, 60, 66, 52, 52, 53, 55, 58, 53, 59, 52, 57, 53, 53, 53, 62, 54, 53, 52, 52, 56, 56, 53, 78, 53, 63, 81, 52, 57, 55, 56, 77, 52, 69, 65, 52, 53, 53, 53, 54, 53, 64, 52, 55, 52, 53, 63, 80, 52, 61, 56, 53, 54, 52, 61, 54, 54, 52, 53, 53, 53, 53, 53, 53, 61, 54, 62, 53, 53, 53, 57, 53, 53, 56]

Fragment_Feed->Schedule_UiAutomator_for_100.txt; size: 101
[231, 132, 160, 152, 149, 130, 154, 142, 134, 140, 143, 133, 227, 144, 160, 198, 150, 158, 133, 142, 158, 145, 155, 152, 164, 155, 169, 129, 141, 147, 154, 135, 154, 148, 236, 165, 158, 159, 173, 159, 145, 174, 172, 146, 198, 160, 155, 156, 247, 186, 225, 257, 164, 276, 167, 175, 178, 166, 159, 140, 142, 179, 170, 150, 234, 171, 179, 261, 286, 223, 169, 216, 242, 247, 148, 150, 173, 157, 183, 177, 185, 177, 167, 250, 173, 153, 170, 152, 250, 263, 152, 175, 167, 168, 190, 163, 182, 176, 251, 161, 267]

Contoller_Activity->Feed_UiAutomator_repeat_100(Firebase traces).txt; size: 82
[1144, 4934, 78, 1178, 4948, 74, 1146, 4948, 83, 1164, 4946, 69, 1183, 4958, 73, 1153, 4945, 74, 1149, 4943, 68, 1186, 4948, 66, 1165, 4964, 70, 1165, 4935, 75, 1177, 4945, 74, 1149, 4944, 75, 1150, 4933, 78, 1164, 4945, 76, 1147, 4938, 78, 1157, 4948, 67, 1181, 4943, 66, 1135, 4940, 71, 1141, 4969, 68, 1161, 4947, 82, 1148, 4961, 74, 1147, 4955, 73, 1125, 4950, 83, 1142, 4938, 77, 1174, 4940, 66, 1142, 4953, 68, 1155, 4937, 79, 1175]

